0.7171767950057983 0.3636363744735718
0.6769998669624329 0.560606062412262
0.6361690163612366 0.6439393758773804
0.5960054993629456 0.7803030014038086
0.638501763343811 0.6666666865348816
0.6754043102264404 0.5681818127632141
0.6752133369445801 0.5984848737716675
0.7083292007446289 0.5530303120613098
0.6559881567955017 0.6060606241226196
0.6505240797996521 0.5909090638160706
0.6901453137397766 0.5757575631141663
0.6627880334854126 0.6590909361839294
0.6883223056793213 0.5378788113594055
0.6938775181770325 0.560606062412262
0.7287666201591492 0.49242424964904785
0.6675550937652588 0.6363636255264282
0.6604318618774414 0.6136363744735718
0.6858240365982056 0.560606062412262
0.692200243473053 0.560606062412262
0.6798851490020752 0.5984848737716675
0.6768789887428284 0.6363636255264282
0.6510775685310364 0.6060606241226196
0.688046395778656 0.5530303120613098
0.6850767731666565 0.560606062412262
0.6723309755325317 0.5530303120613098
0.6511179208755493 0.6363636255264282
0.7092052102088928 0.49242424964904785
0.6870492696762085 0.5227272510528564
0.6654868125915527 0.6060606241226196
0.6442028284072876 0.6212121248245239
0.6389158368110657 0.6590909361839294
0.6614965796470642 0.5454545617103577
0.6392160058021545 0.6666666865348816
0.6706432104110718 0.5530303120613098
0.6641901135444641 0.5530303120613098
0.6533812284469604 0.6060606241226196
0.6592322587966919 0.5909090638160706
0.6533688902854919 0.6136363744735718
0.6755033731460571 0.5681818127632141
0.6848123669624329 0.5833333134651184
0.6763949990272522 0.5530303120613098
0.6642478108406067 0.6060606241226196
0.6402004361152649 0.6363636255264282
0.6524470448493958 0.5833333134651184
0.6411820650100708 0.6060606241226196
0.69142085313797 0.5833333134651184
0.6863744258880615 0.5530303120613098
0.6379790902137756 0.6590909361839294
0.690564751625061 0.5757575631141663
0.6535396575927734 0.5984848737716675
0.6227355003356934 0.689393937587738
0.6579452157020569 0.6363636255264282
0.6513270735740662 0.6590909361839294
0.608599066734314 0.6969696879386902
0.6279380917549133 0.6363636255264282
0.6201611757278442 0.6136363744735718
0.636012077331543 0.6818181872367859
0.6399645209312439 0.6287878751754761
0.6997095942497253 0.5681818127632141
0.6721795797348022 0.5984848737716675
0.6196288466453552 0.6742424368858337
0.6372666358947754 0.6666666865348816
0.6254086494445801 0.6363636255264282
0.5979254841804504 0.7045454382896423
0.6576470136642456 0.6212121248245239
0.6070876717567444 0.6666666865348816
0.6763837337493896 0.5833333134651184
0.6319247484207153 0.6363636255264282
0.5957273244857788 0.6969696879386902
0.626979649066925 0.6590909361839294
0.6212388873100281 0.6818181872367859
0.6211093664169312 0.7045454382896423
0.6469507217407227 0.5757575631141663
0.6836260557174683 0.6136363744735718
0.6647473573684692 0.5984848737716675
0.5718878507614136 0.75
0.5793632864952087 0.6742424368858337
0.7033118009567261 0.560606062412262
0.6414142847061157 0.5833333134651184
0.6187477111816406 0.6666666865348816
0.5813769698143005 0.7045454382896423
0.6188467741012573 0.6439393758773804
0.6277760863304138 0.6439393758773804
0.6380860209465027 0.6439393758773804
0.6620109677314758 0.6439393758773804
0.6113590002059937 0.7196969985961914
0.5897331833839417 0.689393937587738
0.6225898861885071 0.6439393758773804
0.6552317142486572 0.6515151262283325
0.6321947574615479 0.7045454382896423
0.6491736769676208 0.6590909361839294
0.6673705577850342 0.6136363744735718
0.6245463490486145 0.6742424368858337
0.6271345019340515 0.6742424368858337
0.586735725402832 0.689393937587738
0.6159713864326477 0.6515151262283325
0.6426068544387817 0.5909090638160706
0.553142786026001 0.7424242496490479
0.5978389382362366 0.7424242496490479
0.6490181684494019 0.6363636255264282
0.5277348756790161 0.7878788113594055
