0.6422474682331085 0.5871212184429169
0.5815785378217697 0.7234848439693451
0.5707980096340179 0.6818181872367859
0.5916406810283661 0.719696968793869
0.6330482661724091 0.6325757801532745
0.678972601890564 0.5795454382896423
0.6638340950012207 0.5909090936183929
0.6877616047859192 0.5719696879386902
0.6730511784553528 0.5719697177410126
0.6772826015949249 0.5454545319080353
0.6938493251800537 0.5378787815570831
0.6762634813785553 0.594696968793869
0.6714614927768707 0.564393937587738
0.686175137758255 0.5530303120613098
0.6889495253562927 0.5719696879386902
0.6824620068073273 0.5833333134651184
0.6647086143493652 0.5909090936183929
0.6892460584640503 0.5189393907785416
0.6841869950294495 0.5530303120613098
0.6803883016109467 0.564393937587738
0.6787592768669128 0.564393937587738
0.6497147977352142 0.6174242496490479
0.6732625663280487 0.564393937587738
0.6837261021137238 0.5568181872367859
0.6622341573238373 0.5871212184429169
0.680250495672226 0.564393937587738
0.6907486617565155 0.530303031206131
0.6653711199760437 0.5871211886405945
0.662696123123169 0.6060606241226196
0.6793397068977356 0.5340909063816071
0.6383498013019562 0.625
0.6607713401317596 0.5568181872367859
0.6402977108955383 0.6477272808551788
0.6770234405994415 0.5454545617103577
0.6763776540756226 0.5530303120613098
0.6803553700447083 0.5568181872367859
0.6643575429916382 0.5833333134651184
0.6632142961025238 0.5795454680919647
0.6712557077407837 0.5568181872367859
0.6794085204601288 0.5340909063816071
0.6453210413455963 0.5795454680919647
0.6666302680969238 0.5833333432674408
0.6389762461185455 0.5984848439693451
0.6712489128112793 0.5530302822589874
0.6419740915298462 0.5833333432674408
0.6419242918491364 0.6174242198467255
0.6682287752628326 0.5719696879386902
0.6560722589492798 0.6477272808551788
0.6642104983329773 0.5719696879386902
0.6678453087806702 0.5871212184429169
0.6661778390407562 0.6098484694957733
0.663966566324234 0.5909090936183929
0.6554528772830963 0.6022727489471436
0.627821534872055 0.6477272808551788
0.6227346360683441 0.6212121248245239
0.6342647671699524 0.6060606241226196
0.6425503492355347 0.6363636255264282
0.6509323120117188 0.6287878751754761
0.6681179106235504 0.5871212184429169
0.6634222269058228 0.5719697177410126
0.6098573207855225 0.6590909063816071
0.6298758387565613 0.6477272808551788
0.6208902299404144 0.6401515007019043
0.6462680697441101 0.594696968793869
0.6559169292449951 0.5984848439693451
0.6135622262954712 0.6666666865348816
0.6438928842544556 0.6401515007019043
0.6323287487030029 0.625
0.6355377435684204 0.6060605943202972
0.6253906488418579 0.6174242496490479
0.6304221153259277 0.6515151560306549
0.6252142488956451 0.6515151560306549
0.6358304023742676 0.5984848439693451
0.6493093967437744 0.6098484992980957
0.6297302544116974 0.6363636553287506
0.6187993288040161 0.6477272808551788
0.6278221309185028 0.6363636553287506
0.6558842957019806 0.6022727191448212
0.6271202266216278 0.6098484694957733
0.6085710525512695 0.6477272808551788
0.5949067771434784 0.655303031206131
0.6480907797813416 0.6022727191448212
0.6264037489891052 0.6325757503509521
0.6347655057907104 0.6477272510528564
0.6310005187988281 0.6515151560306549
0.625626266002655 0.6666666865348816
0.5853384435176849 0.6931818127632141
0.620537519454956 0.6401515007019043
0.6407158076763153 0.6287878751754761
0.611945629119873 0.6742424070835114
0.6217465400695801 0.6401515305042267
0.6383036375045776 0.594696968793869
0.5919427275657654 0.689393937587738
0.6002873480319977 0.685606062412262
0.5823841392993927 0.6818181872367859
0.6143661439418793 0.6287878751754761
0.6392389535903931 0.5909090638160706
0.5676240921020508 0.7121212184429169
0.6087071597576141 0.6704545617103577
0.5993501245975494 0.6590909063816071
0.5883445143699646 0.685606062412262
