0.5673181414604187 0.810606062412262
0.48615720868110657 0.8863636255264282
0.5054270029067993 0.7196969985961914
0.5872758626937866 0.6590909361839294
0.6275947690010071 0.5984848737716675
0.6825408935546875 0.5909090638160706
0.6524548530578613 0.5833333134651184
0.6671940088272095 0.5909090638160706
0.6901142001152039 0.5378788113594055
0.7040411233901978 0.5
0.6975533366203308 0.5
0.689738929271698 0.5303030014038086
0.6546006798744202 0.5909090638160706
0.6784727573394775 0.5454545617103577
0.6491324305534363 0.6515151262283325
0.6973689198493958 0.5303030014038086
0.6689853668212891 0.5681818127632141
0.692668080329895 0.47727271914482117
0.676173746585846 0.5454545617103577
0.6808914542198181 0.5303030014038086
0.6806395649909973 0.49242424964904785
0.6483520269393921 0.6287878751754761
0.6584787368774414 0.5757575631141663
0.682375431060791 0.5530303120613098
0.6521373391151428 0.6212121248245239
0.7093830704689026 0.49242424964904785
0.6722921133041382 0.5681818127632141
0.6436929702758789 0.6515151262283325
0.6599054336547852 0.6060606241226196
0.7144765853881836 0.4469696879386902
0.6377837657928467 0.5909090638160706
0.6600461006164551 0.5681818127632141
0.6413794159889221 0.6287878751754761
0.6834036707878113 0.5378788113594055
0.688565194606781 0.5530303120613098
0.707329511642456 0.5075757503509521
0.6694828271865845 0.5757575631141663
0.6730597019195557 0.5454545617103577
0.6670080423355103 0.5454545617103577
0.6740046739578247 0.4848484992980957
0.6142470836639404 0.6060606241226196
0.669012725353241 0.560606062412262
0.6377520561218262 0.560606062412262
0.6900507807731628 0.5227272510528564
0.6427661180496216 0.560606062412262
0.5924277305603027 0.6515151262283325
0.6500831246376038 0.5909090638160706
0.6741654276847839 0.6363636255264282
0.6378562450408936 0.5681818127632141
0.6821509599685669 0.5757575631141663
0.7096201777458191 0.5303030014038086
0.6699879169464111 0.5454545617103577
0.6595786809921265 0.5454545617103577
0.6470440030097961 0.5984848737716675
0.6175311803817749 0.6060606241226196
0.6483683586120605 0.5984848737716675
0.6490886211395264 0.5909090638160706
0.6619001030921936 0.6287878751754761
0.6365262269973755 0.6060606241226196
0.6546648740768433 0.5454545617103577
0.6000857949256897 0.6439393758773804
0.6224850416183472 0.6287878751754761
0.6163718104362488 0.6439393758773804
0.6946106553077698 0.4848484992980957
0.6541868448257446 0.5757575631141663
0.620036780834198 0.6666666865348816
0.6114020347595215 0.6969696879386902
0.6327327489852905 0.6136363744735718
0.675348162651062 0.5151515007019043
0.6238016486167908 0.5757575631141663
0.6396053433418274 0.6212121248245239
0.6293191313743591 0.5984848737716675
0.6247100830078125 0.6212121248245239
0.6149927377700806 0.6060606241226196
0.5947131514549255 0.6742424368858337
0.6657108068466187 0.5454545617103577
0.6762809753417969 0.5984848737716675
0.6084567904472351 0.6439393758773804
0.6128261685371399 0.6363636255264282
0.5983943939208984 0.6287878751754761
0.6084365844726562 0.6060606241226196
0.6773347854614258 0.560606062412262
0.6250314116477966 0.6212121248245239
0.6314449906349182 0.6515151262283325
0.5999900698661804 0.6590909361839294
0.6398935317993164 0.6136363744735718
0.5809437036514282 0.6969696879386902
0.618485152721405 0.6363636255264282
0.6261999011039734 0.6060606241226196
0.5916965007781982 0.6439393758773804
0.5943194031715393 0.6212121248245239
0.6092367172241211 0.5757575631141663
0.5593391060829163 0.7045454382896423
0.5734401941299438 0.6969696879386902
0.5780325531959534 0.6742424368858337
0.6127609014511108 0.6060606241226196
0.6358710527420044 0.5909090638160706
0.5821053981781006 0.6818181872367859
0.6195753812789917 0.5984848737716675
0.549682080745697 0.6818181872367859
0.6489541530609131 0.5833333134651184
