0.7191532254219055
0.9185672998428345
1.0048041343688965
1.0020310878753662
0.9175119996070862
0.9017081260681152
0.8581591844558716
0.849355161190033
0.8882534503936768
0.8737383484840393
0.8820896148681641
0.9186494946479797
0.8875587582588196
0.866867184638977
0.8434532880783081
0.9079473614692688
0.9116805195808411
0.8914871215820312
0.8915215730667114
0.9089958071708679
0.8975512981414795
0.8952226042747498
0.8569335341453552
0.9043653607368469
0.886780858039856
0.925685465335846
0.8795003890991211
0.8778153657913208
0.9259951114654541
0.9467574954032898
0.9242923855781555
0.9169938564300537
0.9552250504493713
0.955750584602356
0.9488402605056763
0.9502894282341003
0.9956462979316711
0.9574622511863708
0.9273772835731506
0.9225976467132568
0.9211301207542419
0.9757087230682373
0.9381215572357178
0.9540677666664124
0.9807543754577637
0.9094262719154358
0.9210261106491089
0.957209587097168
0.8946655988693237
0.9970915913581848
1.0312798023223877
1.0116081237792969
0.9715641140937805
1.0247782468795776
1.035123586654663
1.0058917999267578
1.0365657806396484
1.0083476305007935
0.9646823406219482
0.9970669746398926
0.9784210920333862
1.044842004776001
1.023736596107483
1.0968928337097168
1.029374122619629
1.0587317943572998
0.9947521090507507
1.0697513818740845
1.1162548065185547
1.0558197498321533
1.0678801536560059
1.100314736366272
1.0400874614715576
1.0724778175354004
1.0873327255249023
1.1809852123260498
1.1456741094589233
0.9908738732337952
1.0942195653915405
1.0585858821868896
1.0621005296707153
1.109342098236084
1.1107745170593262
1.0766913890838623
1.0723334550857544
1.186720848083496
1.1453953981399536
1.1260031461715698
1.1048868894577026
1.1035674810409546
1.1664351224899292
1.0988616943359375
1.1648131608963013
1.139027714729309
1.1683971881866455
1.1190282106399536
1.1844819784164429
1.248013973236084
1.2022595405578613
1.1531078815460205
1.3047517538070679
